-2 0
-1.96 0
-1.92 0
-1.88 0
-1.84 0
-1.8 0
-1.76 0
-1.72 0
-1.68 0
-1.64 0
-1.6 0
-1.56 0
-1.52 0
-1.48 0
-1.44 0
-1.4 0
-1.36 0
-1.32 0
-1.28 0
-1.24 0
-1.2 0
-1.16 0
-1.12 0
-1.08 0
-1.04 0
-1 0
-0.96 0.5
-0.92 0.5
-0.88 0.5
-0.84 0.5
-0.8 0.5
-0.76 0.5
-0.72 0.5
-0.68 0.5
-0.64 0.5
-0.6 0.5
-0.56 0.5
-0.52 0.5
-0.48 0.5
-0.44 0.5
-0.4 0.5
-0.36 0.5
-0.32 0.5
-0.28 0.5
-0.24 0.5
-0.2 0.5
-0.16 0.5
-0.12 0.5
-0.08 0.5
-0.0400001 0.5
0 0.5
0.04 0.5
0.0799999 0.5
0.12 0.5
0.16 0.5
0.2 0.5
0.24 0.5
0.28 0.5
0.32 0.5
0.36 0.5
0.4 0.5
0.44 0.5
0.48 0.5
0.52 0.5
0.56 0.5
0.6 0.5
0.64 0.5
0.68 0.5
0.72 0.5
0.76 0.5
0.8 0.5
0.84 0.5
0.88 0.5
0.92 0.5
0.96 0.5
1 0
1.04 0
1.08 0
1.12 0
1.16 0
1.2 0
1.24 0
1.28 0
1.32 0
1.36 0
1.4 0
1.44 0
1.48 0
1.52 0
1.56 0
1.6 0
1.64 0
1.68 0
1.72 0
1.76 0
1.8 0
1.84 0
1.88 0
1.92 0
1.96 0
-2 0
-1.96 0
-1.92 0
-1.88 0
-1.84 0
-1.8 0
-1.76 0
-1.72 0
-1.68 0
-1.64 0
-1.6 0
-1.56 0
-1.52 0
-1.48 0
-1.44 0
-1.4 0
-1.36 0
-1.32 0
-1.28 0
-1.24 0
-1.2 0
-1.16 0
-1.12 0
-1.08 0
-1.04 0
-1 0
-0.96 0.0397586
-0.92 0.141704
-0.88 0.271096
-0.84 0.379476
-0.8 0.446865
-0.76 0.480042
-0.72 0.493511
-0.68 0.498149
-0.64 0.499531
-0.6 0.499894
-0.56 0.499978
-0.52 0.499996
-0.48 0.499999
-0.44 0.5
-0.4 0.5
-0.36 0.5
-0.32 0.5
-0.28 0.5
-0.24 0.5
-0.2 0.5
-0.16 0.5
-0.12 0.5
-0.08 0.5
-0.0400001 0.5
0 0.5
0.04 0.5
0.0799999 0.5
0.12 0.5
0.16 0.5
0.2 0.5
0.24 0.5
0.28 0.5
0.32 0.5
0.36 0.5
0.4 0.5
0.44 0.5
0.48 0.5
0.52 0.5
0.56 0.5
0.6 0.5
0.64 0.5
0.68 0.5
0.72 0.5
0.76 0.5
0.8 0.5
0.84 0.5
0.88 0.5
0.92 0.5
0.96 0.5
1 0.460241
1.04 0.358296
1.08 0.228904
1.12 0.120524
1.16 0.0531345
1.2 0.0199579
1.24 0.00648881
1.28 0.00185109
1.32 0.000468688
1.36 0.00010635
1.4 2.18044e-05
1.44 4.06762e-06
1.48 6.94594e-07
1.52 1.09137e-07
1.56 1.58502e-08
1.6 2.13621e-09
1.64 2.68118e-10
1.68 3.14366e-11
1.72 3.45287e-12
1.76 3.5616e-13
1.8 3.45783e-14
1.84 3.16619e-15
1.88 2.73932e-16
1.92 2.24307e-17
1.96 1.741e-18
-2 0
-1.96 0
-1.92 0
-1.88 0
-1.84 0
-1.8 0
-1.76 0
-1.72 0
-1.68 0
-1.64 0
-1.6 0
-1.56 0
-1.52 0
-1.48 0
-1.44 0
-1.4 0
-1.36 0
-1.32 0
-1.28 0
-1.24 0
-1.2 0
-1.16 0
-1.12 0
-1.08 0
-1.04 0
-1 0
-0.96 0.000251394
-0.92 0.00218519
-0.88 0.00959808
-0.84 0.0284788
-0.8 0.0644247
-0.76 0.118989
-0.72 0.187777
-0.68 0.261856
-0.64 0.331425
-0.6 0.389299
-0.56 0.432483
-0.52 0.461674
-0.48 0.4797
-0.44 0.48994
-0.4 0.495323
-0.36 0.497954
-0.32 0.499156
-0.28 0.499671
-0.24 0.499878
-0.2 0.499957
-0.16 0.499986
-0.12 0.499995
-0.08 0.499999
-0.0400001 0.5
0 0.5
0.04 0.5
0.0799999 0.5
0.12 0.5
0.16 0.5
0.2 0.5
0.24 0.5
0.28 0.5
0.32 0.5
0.36 0.5
0.4 0.5
0.44 0.5
0.48 0.5
0.52 0.5
0.56 0.5
0.6 0.5
0.64 0.5
0.68 0.5
0.72 0.5
0.76 0.5
0.8 0.5
0.84 0.5
0.88 0.5
0.92 0.5
0.96 0.5
1 0.499749
1.04 0.497815
1.08 0.490402
1.12 0.471521
1.16 0.435575
1.2 0.381011
1.24 0.312223
1.28 0.238144
1.32 0.168575
1.36 0.110701
1.4 0.0675175
1.44 0.038326
1.48 0.0202997
1.52 0.0100598
1.56 0.00467737
1.6 0.00204593
1.64 0.000844077
1.68 0.000329254
1.72 0.000121712
1.76 4.27283e-05
1.8 1.42739e-05
1.84 4.54591e-06
1.88 1.38261e-06
1.92 4.02234e-07
1.96 1.12101e-07
-2 0
-1.96 0
-1.92 0
-1.88 0
-1.84 0
-1.8 0
-1.76 0
-1.72 0
-1.68 0
-1.64 0
-1.6 0
-1.56 0
-1.52 0
-1.48 0
-1.44 0
-1.4 0
-1.36 0
-1.32 0
-1.28 0
-1.24 0
-1.2 0
-1.16 0
-1.12 0
-1.08 0
-1.04 0
-1 0
-0.96 1.58956e-06
-0.92 2.19686e-05
-0.88 0.000152342
-0.84 0.000707264
-0.8 0.00247519
-0.76 0.00697207
-0.72 0.0164847
-0.68 0.033698
-0.64 0.0608973
-0.6 0.0990228
-0.56 0.147022
-0.52 0.201846
-0.48 0.25913
-0.44 0.314267
-0.4 0.363447
-0.36 0.404303
-0.32 0.436059
-0.28 0.459241
-0.24 0.475191
-0.2 0.485566
-0.16 0.491964
-0.12 0.495714
-0.08 0.497807
-0.0400001 0.498922
0 0.499491
0.04 0.499768
0.0799999 0.499899
0.12 0.499957
0.16 0.499982
0.2 0.499993
0.24 0.499997
0.28 0.499998
0.32 0.499999
0.36 0.5
0.4 0.5
0.44 0.5
0.48 0.5
0.52 0.5
0.56 0.5
0.6 0.5
0.64 0.5
0.68 0.5
0.72 0.5
0.76 0.5
0.8 0.5
0.84 0.5
0.88 0.5
0.92 0.5
0.96 0.5
1 0.499998
1.04 0.499978
1.08 0.499848
1.12 0.499293
1.16 0.497525
1.2 0.493028
1.24 0.483515
1.28 0.466302
1.32 0.439103
1.36 0.400977
1.4 0.352978
1.44 0.298154
1.48 0.24087
1.52 0.185733
1.56 0.136553
1.6 0.0956967
1.64 0.0639412
1.68 0.0407591
1.72 0.024809
1.76 0.014434
1.8 0.00803601
1.84 0.00428629
1.88 0.00219292
1.92 0.00107738
1.96 0.000508889
-2 0
-1.96 0
-1.92 0
-1.88 0
-1.84 0
-1.8 0
-1.76 0
-1.72 0
-1.68 0
-1.64 0
-1.6 0
-1.56 0
-1.52 0
-1.48 0
-1.44 0
-1.4 0
-1.36 0
-1.32 0
-1.28 0
-1.24 0
-1.2 0
-1.16 0
-1.12 0
-1.08 0
-1.04 0
-1 0
-0.96 1.03085e-08
-0.92 1.95069e-07
-0.88 1.84844e-06
-0.84 1.1698e-05
-0.8 5.56421e-05
-0.76 0.000212263
-0.72 0.000676773
-0.68 0.00185591
-0.64 0.00447118
-0.6 0.00961976
-0.56 0.0187288
-0.52 0.0333585
-0.48 0.0548653
-0.44 0.0840077
-0.4 0.120623
-0.36 0.163496
-0.32 0.210493
-0.28 0.258907
-0.24 0.305941
-0.2 0.349167
-0.16 0.386852
-0.12 0.418094
-0.08 0.442783
-0.0400001 0.461416
0 0.474873
0.04 0.48419
0.0799999 0.490382
0.12 0.49434
0.16 0.496776
0.2 0.498221
0.24 0.499048
0.28 0.499506
0.32 0.499751
0.36 0.499878
0.4 0.499942
0.44 0.499973
0.48 0.499987
0.52 0.499994
0.56 0.499996
0.6 0.499997
0.64 0.499998
0.68 0.499998
0.72 0.499999
0.76 0.5
0.8 0.5
0.84 0.5
0.88 0.5
0.92 0.5
0.96 0.5
1 0.499999
1.04 0.499999
1.08 0.499997
1.12 0.499988
1.16 0.499944
1.2 0.499788
1.24 0.499323
1.28 0.498144
1.32 0.495529
1.36 0.49038
1.4 0.481271
1.44 0.466642
1.48 0.445135
1.52 0.415992
1.56 0.379378
1.6 0.336504
1.64 0.289507
1.68 0.241093
1.72 0.194059
1.76 0.150833
1.8 0.113148
1.84 0.0819055
1.88 0.0572173
1.92 0.0385841
1.96 0.0251269
